0.0503525
-0.0203358
-0.0153351
0.0713036
0.0244822
0.0190513
-0.0212232
0.0032975
0.0582645
0.0774554
-0.00254237
-0.023628
0.0415414
0.00505166
0.0284474
-0.0192451
-0.00916789
0.0701865
0.0161786
-0.0215509
-0.0244914
0.0529651
0.0445714
-0.0126733
-0.0792793
-0.0448359
0.00833056
0.0285409
-0.00340277
-0.0277963
0.0372522
0.0264909
0.00204945
-0.0539635
-0.0241848
0.0253043
0.0320767
-0.0123018
0.00813527
0.0220324
-0.00700406
0.0347732
0.00173228
0.00409925
0.0453437
0.0337756
-0.0117791
0.0402342
0.0694269
-0.00627947
0.0236243
0.0167519
0.0243552
0.0506199
0.00433365
-0.0280702
-0.0261684
0.02269
0.0345296
0.0141903
-0.0332848
-0.0134831
0.00847909
0.000591043
-0.0336341
-0.0238414
0.0296577
0.0435503
0.0169657
-0.0132552
-0.019962
0.0318681
0.0173399
-0.00266245
0.026411
0.049814
-0.0526219
0.0176448
0.0066559
0.0281851
0.0303842
0.0525001
0.0163617
0.0270448
0.0113114
-0.0604594
0.0294933
0.00514253
0.0391423
0.0657666
-0.0217867
-0.028189
-0.00767188
0.013281
-0.00626495
0.000677613
-0.00403406
0.00942896
0.0201154
-0.0031045
-0.0436005
-0.0208092
-0.0106139
-0.0133369
0.00910846
0.00295359
0.0314401
0.0362385
0.00731412
0.0319438
0.0270249
0.0311029
-0.0183901
0.044804
0.0130252
0.0248723
0.0417816
-0.0461806
-0.0227551
-0.0478553
-0.0341758
-0.0509433
0.0210946
-0.00727027
-0.00330823
-0.0150231
-0.0106007
-0.0126032
-0.0161983
0.00280746
0.0307454
0.0292948
0.0314686
0.0541847
0.0192096
-0.0645563
-0.057198
-0.0870213
-0.0504556
-0.00857167
-0.0135131
0.00467486
-0.00947205
-0.0360426
-0.0303932
-0.00428263
-0.0120032
0.0153049
-0.0124241
0.0372753
0.0230068
0.029513
-0.0233442
-0.0437791
-0.0445657
-0.0317255
0.0129545
-0.0240292
0.0014687
-0.0251253
-0.00212559
-0.0295772
-0.0263956
0.0013499
-0.0231695
-0.00503466
0.0301321
0.01918
0.0287085
0.0444098
-0.0195802
-0.0362778
-0.0214604
-0.0322675
-0.0227289
0.0273651
0.000976883
0.00962289
0.0305636
-0.0150374
-0.0525665
-0.0494063
-0.0057688
0.0448777
-0.0106096
0.0187286
-0.0165636
0.0210106
-0.00344296
-0.0381951
-0.0414683
-0.0190584
0.0288018
-0.027299
0.00270986
-0.0109054
0.0115714
-0.0234264
0.00256847
0.0085885
-0.0109047
0.0177963
0.052032
0.0146599
-0.016199
0.0360378
-0.00595669
0.0150718
0.0184119
-0.00931229
0.0138724
0.0417588
-0.00377932
-0.0328619
-0.00301309
0.0194902
-0.0121038
-0.000620907
-0.00943054
0.0634621
-0.00381931
0.0265272
-0.000938321
0.0259066
-0.00259735
-0.0526942
-0.0238884
-0.0506885
0.0179762
-0.0422259
-0.0148882
-0.0670464
-0.0166547
-0.0248508
0.018749
0.0405849
0.01348
0.0441318
0.0736696
0.0310445
-0.00376104
0.0143358
0.0179704
0.0162237
-0.0202974
-0.0343255
-0.00894655
0.0212356
-0.0110494
-0.0557385
-0.0170434
0.00518881
-0.00876262
-0.00310149
-0.0358058
0.0272742
-0.0181557
0.0119012
-0.0361776
0.0247379
0.018851
-0.0271534
-0.0372403
-0.0500476
0.000622074
-0.0334471
-0.00737025
-0.0199751
0.0101757
-0.00990678
0.0215987
-0.00448697
-0.010309
0.0179681
0.026317
0.00936694
-0.0108204
0.0550776
0.0388244
-0.00855778
-0.0464682
-0.0575644
-0.0377788
0.0116885
-0.0130151
-3.66557e-05
0.0289176
-0.00537349
-0.0368828
-0.0178073
0.0087106
0.0620477
-0.00836531
0.02434
0.00124373
0.0227162
-0.0258839
-0.0228058
0.00301126
-0.0104811
0.0280942
-0.0469305
0.00971403
-0.0126343
-0.00839537
-0.0403321
-0.0034843
-0.0144928
-0.0174093
-0.00211956
0.0333494
0.0148896
0.012467
0.0334622
-0.00130464
-0.0373175
-0.00877441
-0.0170836
0.000629752
0.0297579
-0.0125858
-0.0305765
-0.023996
-0.0281014
-0.0201035
-0.00633938
-0.0335771
0.0149681
-0.0506791
0.00257187
-0.0198391
0.00883518
-0.00641801
-0.0400328
-0.0548363
-0.082764
-0.0261911
-0.0545894
0.0113271
-0.0147829
0.00968717
-0.016519
0.00332811
0.00920474
-0.0138949
0.0126276
0.0015074
-0.014031
-0.0315935
0.00476973
-0.00171401
0.00257806
-0.0184793
-0.0625236
-0.0140585
0.000148211
-0.0048327
-0.0124299
0.00849052
-0.00063248
-0.0540644
-0.0358174
-0.0449415
0.00383855
-0.0186794
0.00889752
-0.00857397
0.00105212
-0.022984
-0.0417514
-0.032939
-0.0283389
0.012395
-0.0429277
-0.00881141
-0.0299169
-0.0177312
-0.0485957
-0.0450516
-0.0180697
-0.0210278
0.018497
0.0582924
0.0302048
0.0161864
0.0355381
-0.0313406
-0.0540387
-0.00411814
-0.0225775
0.0319288
0.0514029
0.00235812
-0.0146118
0.00121913
-0.0445741
-0.0624518
-0.0219194
-0.0205472
0.0162286
-0.040911
-0.00828389
-0.0250538
-0.00287378
-0.0453384
-0.0741865
-0.0299134
-0.00683916
-0.0103126
-0.072873
0.00453638
-0.0115659
-0.00912671
-0.0434918
-0.0304421
0.00648997
-0.00287313
0.026587
0.0387348
0.001919
-0.00243309
0.00662197
-0.0217794
-0.0283915
-0.0112181
0.0363465
0.0226339
0.016226
0.00216324
0.0101525
-0.00708262
-0.00943721
-0.0587563
-0.00974036
0.0454559
0.0215153
-0.0448421
-0.00448034
0.00978079
-0.00817025
-0.0375347
-0.0533561
-0.0156856
0.0206615
0.0115052
-0.0225602
-0.0598392
0.00270078
-0.00517998
-0.0448216
-0.0163918
0.00372878
0.0477749
0.0185104
0.0179515
0.0306728
0.0685625
0.0310499
-0.0070308
-0.0321712
-0.0233558
0.0017804
-0.0015876
0.0128177
-0.0103907
0.0366675
0.0135829
-0.0134066
-0.0181334
0.00903151
0.0344232
0.0286274
-0.00308709
-0.0228969
-0.00179548
0.0164279
0.00262243
-0.0139417
-0.0073676
0.0130741
0.00251847
-0.0543237
-0.0203045
-0.043303
-0.0409663
-0.0183106
0.00216808
0.00158796
0.0202534
0.00193052
0.0287575
0.0189968
0.0131319
0.0174847
0.00847353
-0.00931172
-0.0177955
0.0101882
-0.0322874
-0.0265427
-0.0246285
-0.0371786
-0.029703
0.0126681
0.0423627
-0.00264492
-0.00904058
0.0179943
-0.104044
-0.0134098
-0.0316948
-0.0387293
0.0372497
0.0161086
-0.0205613
0.020499
0.0177424
-0.0876056
-0.00776634
0.00507994
0.0145168
0.0433114
0.011535
-0.0487408
-0.00474998
0.00595838
-0.0633118
-0.0267377
-0.0123568
-0.0379242
0.0200864
-0.00680633
-0.0550408
-0.0187265
-0.00418849
-0.0372733
-0.0165273
-0.00256714
-0.0183086
-0.00311489
0.0646854
-0.0112951
-0.0291228
0.0345908
0.0673768
0.0170572
-0.0602791
-0.033972
0.0371199
0.0718675
0.00609105
9.27292e-05
0.0492186
0.0310659
0.0115975
-0.0224081
-0.00689008
0.0627063
0.0270827
-0.0537397
-0.0210368
0.0340089
0.0384608
0.034895
-0.0334626
-0.045632
-0.00218548
0.0546824
-0.0331126
0.00186813
0.0139558
0.0207583
0.0104574
-0.0365428
-0.0289302
0.0380442
0.0326807
-0.0108916
-0.0158595
-0.0129553
0.0105347
0.00527298
-0.0360212
-0.0023622
0.0462407
0.0355673
-0.00409049
-0.0189728
-0.0283084
0.0336302
0.0157183
0.00100329
-0.00530249
0.0437164
0.030532
-0.0205795
0.0324163
0.0169188
0.0267161
0.0266717
-0.048901
-0.0561173
0.00672571
0.0801371
0.0141678
0.0353454
0.0114431
0.0272746
0.0089514
-0.0380464
-0.0391807
0.0291634
-0.0116816
-0.0139508
-0.00645708
-0.000314106
0.0346932
0.010313
0.0128136
-0.0221698
0.017975
-0.0129807
-0.00729231
-0.00556429
0.00015632
0.0137707
0.0213182
0.027877
0.0337543
0.00113752
0.0271077
-0.0254293
0.00024786
0.0107987
0.0395887
0.0330832
-0.00847697
0.0159012
0.0313939
0.00142975
-0.0217901
0.0034586
0.0301995
0.0199412
-0.00130776
-0.00549428
0.0485493
0.0183604
-0.0352896
0.00851064
-0.00243449
-0.00851185
0.0190778
0.00992547
0.0150235
0.0306183
-0.0275578
-0.0153866
0.0343499
-0.0499447
-0.0699022
-0.0219812
-0.0206418
-0.0200845
-0.0208593
-0.0602099
-0.0172806
0.0834303
0.0888002
0.0482442
0.0188114
-0.0176261
-0.0054292
0.00723949
-0.0433697
0.0121786
0.121369
0.0985758
-0.0230975
-0.0368674
-0.0745753
-0.0544281
-0.0590837
-0.0574429
0.0368793
0.072984
-0.0171457
-0.0495744
-0.0163018
-0.0181487
-0.00242988
-0.00705512
-0.0323855
0.0166138
0.0411126
-0.0462251
-0.0657209
-0.0165313
-0.0146246
-0.0248482
0.0111154
-0.0223724
0.0721918
0.141859
0.0259076
-0.0511195
-0.0272252
-0.0303286
-0.0321572
-0.0272078
-0.0239833
0.0667294
0.0992284
-0.0433596
-0.0314842
-0.0111518
-0.0273639
-0.0413026
-0.0281502
-0.0152591
0.000481607
0.055911
-0.0279395
-0.0270114
0.0112021
0.00517481
-0.0170649
0.034679
-0.0101211
-0.00320305
0.022498
-0.0346191
-0.0209422
0.00254966
-0.03912
-0.0324996
-0.00673561
-0.0230171
0.0262864
0.0999544
-0.0171146
-0.0283061
-0.00350639
-0.00930467
-0.0148763
0.00709876
-0.0172578
0.0180854
0.0623366
-0.0254929
-0.0203874
-0.0166272
-0.0376462
0.00038178
-0.0102627
-0.00511254
-0.0004732
0.0322208
-0.00797753
0.0228518
0.0162602
-0.0183045
-0.00818986
0.0145288
-0.0121503
-0.00794173
-0.00213546
-0.0200343
-0.0100213
-0.0206081
-0.056846
-0.0143426
0.00267511
-0.0150152
0.0409942
0.0868885
-0.00669601
0.0198533
-0.00440482
-0.00157674
0.0137468
0.00365447
0.0337122
0.0269343
0.0450907
-0.020398
-0.0122215
-0.0208059
-0.0198272
0.0130521
0.0211884
0.0196564
0.00237792
-0.0236985
-0.0295306
-0.00448227
-0.0206516
-0.0355397
-0.0106902
0.0207605
0.0246545
-0.0303367
-0.0405966
-0.065926
-0.0393871
-0.0109574
-0.0285107
-0.024128
-0.00134309
-0.0260951
0.0811279
0.0665961
-0.00832619
-0.0115261
-0.0188962
-0.0120863
0.000412101
0.0344747
0.0451743
0.0550813
0.0303373
-0.0183137
0.0130849
0.0219342
0.0195012
-0.0139446
0.0153643
0.0728857
-0.0498629
-0.0279526
-0.0493539
-0.0128216
0.0302239
0.00575409
-0.0333324
-0.00191103
-0.0318666
-0.0457119
-0.0125108
-0.0410892
-0.0352271
0.0251318
-0.0177725
-0.0658563
-0.0515256
-0.0509294
0.0195375
0.0243619
-0.0201917
0.0361067
0.0749219
0.0558039
0.0195878
0.0266384
0.0405916
0.0175598
0.00956862
-0.00908599
0.00436347
0.0588158
0.0264123
-0.0116122
-0.00187538
0.0132956
-0.0197644
0.0095185
-0.0356146
-0.017885
0.00431677
-0.0238084
-0.0649968
-0.0437218
-0.0463856
-0.0385239
-0.0154146
-0.057678
-0.0236285
-0.0103895
-0.0131327
-0.0410152
-0.0399081
-0.0498437
0.0403139
0.035859
-0.0103673
0.0161947
0.0586359
0.0257075
-0.0282371
-0.0100158
0.00486098
0.00493332
0.0263226
-0.0424309
-0.0223267
0.0259856
-0.0145968
-0.0513515
-0.0285486
0.0125584
-0.0762484
-0.00716721
-0.0403551
-0.00908387
0.0145777
0.00203951
-0.0199907
-0.0136497
-0.0863729
-0.0920576
-0.0219586
-0.0318768
0.0054084
-0.00864475
-0.0266122
-0.0312447
-0.0246879
-0.074893
-0.0116665
-0.00660666
-0.0155302
0.00803345
0.0574643
-0.0103903
-0.0245604
-0.0117105
-0.0137484
-0.00138819
0.00900142
-0.0099449
0.0357582
0.0686309
-0.00668533
-0.0213889
-0.0209208
0.0114766
-0.0538723
-0.0179586
-0.0156152
0.00510508
-0.0115683
-0.0370176
-0.0370098
-0.0110325
-0.058571
-0.0416502
0.00671607
0.00943987
-0.0151277
-0.0413607
-0.0415588
-0.0392628
-0.0327839
-0.0691222
0.012652
0.0224417
0.021062
0.0132692
0.0118762
-0.0168029
-0.049425
-0.0293361
-0.0193924
0.0145334
0.0196874
0.0461477
0.00931122
0.00187872
0.0062663
-0.00480407
-0.00771508
-0.0156468
-0.0600315
-0.00552787
0.00943513
-0.0204825
-0.0573111
-0.0209974
0.0125605
-0.00911836
-0.0532849
-0.0802899
-0.0514825
-0.0314484
-0.0628302
-0.0557818
-0.0315499
-0.00433397
-0.0229621
-0.0663905
0.00411891
0.0531717
0.0666953
0.0423856
0.0399539
0.0624123
0.0397793
0.017528
0.00124483
-0.0108683
0.0327391
0.00858797
0.00396558
0.0367424
0.0514394
0.068006
0.0344415
-0.016645
-0.0293385
-0.0330587
-0.00413177
-0.0256538
0.00858148
0.0151298
0.0256357
0.01721
-0.0121914
-0.0342668
-0.0411451
-0.0280184
-0.0569866
-0.0608233
-0.0508568
-0.0273138
-0.0261831
-0.0135733
0.00490174
0.007652
0.0026816
0.0361386
0.0870211
0.0716816
0.0892984
0.0566107
0.0114019
-0.0568603
-0.0677573
-0.0466826
-0.020571
-0.00274039
-0.00406497
-0.00925066
-0.0142901
-0.0271066
0.00968619
-0.034237
0.00372079
8.50447e-05
-0.0581323
-0.023495
0.00104374
-0.00517421
0.046297
-0.0102688
-0.0315997
0.00357315
0.0234103
-0.028607
-0.0113051
-0.0183274
-0.0243719
0.019268
0.00278434
-0.0290398
-0.010358
-0.00348254
-0.0458669
-0.0199862
-0.000626356
-0.00870519
0.023281
-0.0252319
-0.026003
-0.00683973
0.00213058
-0.0250344
-9.69442e-05
0.00257099
-0.0294696
-0.0186153
-0.000554622
-0.0297498
0.00867812
0.0526859
0.0359146
0.022173
-0.0542916
-0.0483714
-0.0222013
0.0535225
-0.0197552
0.0302141
0.04663
0.00413399
0.0143537
-0.0619537
-0.038934
0.0207269
0.030528
-0.0322146
-0.0382863
0.0184464
0.0433155
0.026428
-0.0544746
-0.0352068
0.0514672
0.0603014
0.00120309
0.0135166
0.0485413
0.0251636
0.0380198
-0.0481903
-0.0403196
0.0770503
-0.0286446
-0.0333862
0.0344549
0.0347259
-0.0065945
-0.0462661
-0.0872984
-0.113011
-0.0912408
0.062521
0.0845771
0.0788539
0.075925
-0.00843542
-0.025008
-0.0465666
-0.042251
0.00131401
-0.00963957
0.0454358
0.129786
0.132815
0.0578316
0.0138539
-0.0480436
-0.105253
-0.0471767
0.110702
0.193
0.204434
0.179938
0.049046
0.0100193
-0.00297217
-0.0061791
0.0604731
0.0313255
0.00533723
-0.00856845
-0.0143646
-0.0543243
-0.0436203
-0.0320941
0.0237175
0.0254556
-0.0263678
0.00153475
0.034375
0.0160819
-0.0704327
-0.0572081
-0.0197864
0.0685342
0.0048511
0.109432
0.140099
0.0934756
0.0501574
-0.0357239
-0.0321074
0.0286081
0.0841557
0.101039
0.019084
0.114235
0.1179
0.086473
-0.0146687
-0.0014844
0.104655
0.134627
0.0790261
-0.0243524
0.171743
0.227314
0.126823
-0.00785068
-0.0412065
-0.0130163
0.0245338
-0.0756032
-0.00449707
0.164225
0.147461
-0.0127009
-0.0760928
-0.11979
-0.0909708
-0.0847856
-0.119911
-0.0395535
0.175262
0.251308
0.165585
0.0291817
0.0459798
0.101465
0.0838968
-0.0149719
-0.103208
0.0601004
0.0930606
0.00645318
-0.0802671
-0.0606277
-0.0212343
-0.0650761
-0.143031
0.0964779
0.202194
0.0826783
-0.0113586
-0.0201952
-0.0379791
-0.0113972
0.0135042
0.00376107
0.0552289
0.108355
-0.0166586
-0.044009
-0.0503753
-0.0289995
-0.0107937
0.0199087
0.0130242
-0.00259604
0.0858611
0.0394331
-0.0649942
-0.0879535
-0.0179735
-0.000313133
0.0148082
-0.0608138
0.00396333
0.0193641
-0.0372552
-0.12161
-0.125743
-0.0727279
-0.0405471
0.00514465
-0.0106578
0.0630273
0.131946
0.0150188
-0.0311895
-0.0483948
-0.0214685
0.00948992
0.0629266
0.050977
0.0891591
0.119318
0.0159149
-0.0336659
-0.0553066
-0.0317369
0.0267791
0.0590156
0.0599664
0.00480452
0.0457722
-0.0281653
-0.0708207
-0.100849
-0.0680418
-0.0309485
0.0200921
-0.010637
0.0164965
-0.0129468
-0.0677427
-0.0904571
-0.0852106
-0.0558337
-0.0140023
0.00334324
-0.00997083
0.0776035
0.124738
0.0179035
0.00313283
-0.0341014
0.0204316
0.0428954
0.0547667
0.0816823
0.0926447
0.0908207
-0.00286419
-0.0331805
-0.0280491
0.0172059
0.0458912
0.0528944
0.0666507
-0.0348206
-0.00719194
-0.0505436
-0.0240451
-0.0387534
-0.00728525
0.0151079
-0.00888502
-0.0427198
-0.0555501
-0.0334874
-0.0535898
-0.0639811
-0.00466333
-0.00932089
-0.0275613
-0.0231343
-0.0378849
0.119671
0.0883431
0.0151901
-0.0402326
-0.0305085
0.0195694
0.0152225
0.0642353
0.112992
0.0901973
0.0576991
-0.0113918
-0.0279141
0.010314
0.0175757
0.0144509
0.0790428
0.109366
-0.0559559
-0.0156323
-0.0467532
-0.0749182
-0.00794069
0.0141386
-0.0280576
-0.0259726
-0.0570174
-0.0555135
-0.0395617
-0.0493979
-0.0782575
-0.0139067
-0.0267981
-0.0488491
-0.014732
-0.0333151
0.065597
0.053709
-0.0230224
-0.0193027
0.0167897
0.0290799
0.00816059
0.0717742
0.0942321
0.0538613
0.0428515
-0.0421003
-0.0353994
0.0321888
0.0144195
0.00795464
0.0689406
0.0653514
-0.0445558
-0.00497208
-0.0702075
-0.0852337
-0.0383866
-0.0325515
-0.0419056
0.00109555
-0.00978856
0.0152892
0.00171919
-0.0781793
-0.0764768
-0.0178907
-0.0357446
-0.0789134
-0.00329853
0.00871729
0.0545395
0.0215193
-0.0360839
-0.0367848
-0.0122705
-0.0301848
-0.0273242
0.05684
0.0556331
0.0439784
0.0209468
-0.0633398
-0.0649161
-0.040966
-0.0649671
-0.0603031
-0.00160341
0.0612919
0.0562484
0.022595
-0.0509461
-0.0696418
-0.0456082
-0.0629571
-0.0805031
0.0202977
0.0339286
0.0700776
0.0590865
-0.0395184
-0.0826237
-0.0857835
-0.0935642
-0.0792144
0.00437058
0.0605861
-0.0114538
-0.00234263
-0.0575113
-0.0537724
-0.0208992
-0.0539527
-0.0580458
-0.0130578
-0.00299533
0.0042436
0.0255162
-0.0304672
-0.0265165
-0.00463701
-0.0414445
-0.0550189
-0.012184
0.00708205
0.0569105
0.0626078
-0.058946
-0.085867
-0.0776768
-0.0807842
-0.0646508
0.0132101
0.0257487
0.0585795
0.0489819
-0.0416893
-0.0693057
-0.0618734
-0.0758117
-0.0652619
0.0126775
0.0456572
-0.00582801
0.0276113
-0.000385898
-0.0520077
-0.0650383
-0.0696599
-0.0787859
-0.0317278
-0.0210503
0.00987377
0.00931329
0.0063557
-0.0359155
-0.0515429
-0.0563177
-0.0489257
-0.0147184
0.00189044
0.0601242
0.0518753
-0.0250172
-0.0753568
-0.105565
-0.104254
-0.0951499
0.0273909
0.0622784
0.0921377
0.0693596
0.00185585
-0.0474774
-0.0641339
-0.0799652
-0.0609364
0.0524577
0.119935
-0.000952921
0.0384969
0.0342622
-0.0228885
-0.0291648
-0.017059
-0.0115202
-0.000897959
-0.0223695
-0.0465056
-0.00632794
-0.00131077
-0.0513843
-0.0126521
-0.00877841
0.0109998
-0.0266592
-0.0711228
0.0645738
0.0872485
0.0677074
0.016276
-0.00501703
-0.0288096
0.00667458
0.0583283
0.0701892
0.0402961
0.0633759
0.0707859
0.0177124
0.0499561
0.0384124
0.0398885
0.0563472
0.03735
-0.0239683
-0.0100232
0.00997122
0.0531633
0.103081
0.0903163
0.072772
0.00931736
-0.0221804
-0.0881225
-0.0841746
-0.0639557
-0.0409787
-0.00727711
-0.0076668
-0.043512
-0.0846118
-0.0894126
0.0112653
0.0484138
0.0588247
0.0990548
0.154749
0.14189
0.101445
0.0578039
0.040991
-0.0936699
-0.082704
-0.0687645
-0.0413378
0.0397659
0.0340746
-0.0195929
-0.0941907
-0.062338
0.0115507
-0.0151026
-0.00263051
0.0182583
-0.0254757
0.0119497
-0.0170744
-0.0153707
-0.000914893
-0.028189
-0.0341713
-0.00765667
-0.00472725
-0.0245454
0.0265491
0.024379
-0.00156222
-0.0398238
0.00656493
-0.030079
-0.0369523
-0.0122415
-0.0323345
0.0458452
0.0238697
-0.0123406
0.0220456
-0.0146795
-0.0435819
-0.00249644
-0.00474063
-0.0277845
0.0376543
0.0382393
-0.0126094
-0.0232779
0.0381546
-0.0511208
-0.0597271
-0.0183493
0.0393802
0.00761679
-0.0679322
-0.0573929
0.0535609
0.0547
-0.0550123
-0.0156972
0.0678651
0.0785664
0.0601353
-0.0292738
-0.0501655
0.0726051
0.051467
-0.0431529
-0.0716495
-0.0204818
0.0195883
-0.0213797
-0.0715169
-0.0505029
0.0402598
0.0626269
-0.0503134
-0.0463409
0.0631596
0.0698251
0.0505234
-0.0171052
-0.0542791
0.0377509
-0.0919103
-0.0491885
0.0648437
0.107245
0.0968178
0.0664497
-0.0110338
-0.0873923
-0.0846915
0.00534166
0.114278
0.167652
0.165483
0.0759732
0.093271
0.0419174
-0.00634335
-0.0224157
-0.10813
-0.0949958
-0.0488432
0.050275
0.090296
0.123975
0.062413
-0.0544591
-0.0963376
-0.0198772
-0.0122323
0.0244694
0.0877159
0.0760224
0.142768
0.156216
0.094643
0.0126151
0.0310657
0.116488
0.081171
0.0451801
-0.0438614
-0.0130789
0.0247721
0.0566432
0.0235156
-0.04881
0.0644375
0.0976146
0.0556843
-0.00306467
0.0226973
0.108614
0.082499
0.00526151
0.0387531
0.0710496
0.0303946
0.00587425
-0.0403438
0.0104973
0.0712103
0.0952706
0.0376967
-0.017202
0.0817924
0.103261
0.0204356
-0.0109548
0.0226908
0.102076
0.0374814
-0.0422025
-0.104363
0.102757
0.19066
0.168258
0.0702837
0.122569
0.155604
0.0781171
-0.0464712
-0.186899
-0.0382097
0.0169358
0.0105295
-0.0446975
0.00290889
0.0173278
-0.0511887
-0.183064
-0.0549853
0.0700378
0.140032
0.126656
0.0779035
0.157563
0.185695
0.0908789
-0.104266
-0.165228
-0.0589941
0.0135861
0.0126612
-0.0471932
-0.00648324
0.0184534
-0.0317457
-0.167036
-0.0741936
0.053764
0.0424417
0.0183943
-0.02803
0.0373831
0.0359502
0.0488916
-0.0712663
-0.0422776
-0.00556099
-0.0299971
-0.0681911
-0.0980084
-0.0480162
-0.0169071
0.01687
-0.032835
-0.0700971
0.0240692
0.0374373
0.0632142
-0.021177
0.0166966
0.0399249
0.0523138
-0.0543103
-0.0333679
-0.0124437
-0.0232184
-0.0383623
-0.0932024
-0.0724048
-0.046283
-0.0220254
-0.0115523
-0.0251734
0.0147932
0.00906839
-0.0162139
-0.044406
-0.0125623
0.00958719
0.0392317
0.0131187
-0.0559891
0.00598324
-0.00612176
-0.019241
-0.0154599
-0.0142195
0.0104698
-0.00303314
-0.0434843
-0.00144135
0.0299414
-0.00263333
-0.0116205
-0.0530574
-0.0271966
-0.00509171
-0.0156623
-0.00200951
-0.0416002
0.0143079
0.00889843
-0.00429354
-0.00876001
-0.029565
-0.0172055
-0.0275592
-0.033843
-0.115861
0.0130823
0.0216291
0.0413015
0.0424032
0.0413382
0.03644
-0.0196732
-0.106986
-0.123984
-0.0225861
-0.00142976
0.0288464
0.0712684
0.054466
0.0296935
-0.0303831
-0.12473
-0.0801962
-0.00272477
0.0466755
0.0601311
0.0438763
0.0265115
0.0101939
-0.0209845
-0.0891776
-0.0835852
0.000942351
0.0465254
0.0802124
0.0781894
0.0279307
-0.00505708
-0.0446487
-0.0906536
-0.114321
0.00265168
0.0204718
0.0436614
0.112244
0.0875991
0.0166275
-0.00249813
-0.119598
-0.110785
-0.013167
-0.0208067
0.00453261
0.077865
0.0217596
0.002888
0.00586287
-0.131639
-0.0776105
0.0163759
0.0433964
0.0990842
0.117217
0.0557432
0.00887694
-0.0108036
-0.0883277
-0.0895561
0.00483855
0.0166146
0.0266251
0.0731144
0.028028
-0.00301836
-0.0198488
-0.0964072
-0.0726372
0.00266953
-0.027526
-0.0300066
0.0163285
-0.00477239
-0.00785662
0.0434839
-0.060178
-0.00350483
0.0556418
-0.0213302
-0.0333588
0.0010324
-0.0190907
-0.0173497
0.0595537
0.000478396
-0.0261366
0.0147456
-0.0187974
-0.0159532
0.0196936
-0.0237498
-0.0103008
0.013471
-0.070803
0.00321616
0.0550513
-0.0217442
-0.0308522
0.0109838
-0.0210892
-0.00987361
0.0600838
0.03256
-0.0228003
0.0420936
-0.0359653
-0.0515862
-0.0443024
-0.0416245
-0.0519445
0.0428262
-0.0166035
0.0575475
0.0898334
-0.00568998
-0.0586063
-0.0652669
-0.0497125
-0.0251979
0.0751865
0.0360605
-0.0210479
0.0387918
-0.0340066
-0.0445358
-0.0451477
-0.0498123
-0.0308078
0.0523291
-0.00491425
0.0480682
0.0561602
-0.0459135
-0.0509331
-0.0522881
-0.0750324
0.0262338
0.104968
0.0527522
0.0378248
0.0789313
-0.0409228
-0.0632309
-0.0485296
-0.0536432
-0.0453303
0.0559249
0.0144095
0.0314376
0.0400202
-0.0613413
-0.0537372
-0.0634367
-0.0571738
-0.0484744
0.0512192
0.0230705
0.01945
0.024983
-0.0522985
-0.0650635
-0.0462158
-0.0795213
-0.0146883
0.0892078
0.0285197
0.0366912
0.0239544
-0.0422244
-0.0400636
-0.0377094
-0.0657263
-0.0543227
0.0389095
0.0696241
0.00599997
0.0139925
-0.0570038
-0.0818869
-0.091263
-0.114501
-0.102761
0.00597517
0.0555913
0.0693476
0.0680197
-0.0291959
-0.0622231
-0.0759581
-0.0913673
-0.057583
0.0598075
0.105862
0.0483497
-0.00278276
-0.0948983
-0.0817741
-0.0882265
-0.107997
-0.0719252
0.0161893
0.0505358
0.118506
0.0604758
-0.0728648
-0.0564439
-0.0617125
-0.0727097
-0.00756501
0.0833863
0.103146
0.00437628
0.044902
0.00336332
-0.0146291
-0.0307707
-0.0402948
-0.0240684
0.037833
0.0328654
-0.0179401
0.0263086
0.0212969
0.0211276
0.0594599
0.040127
0.0166944
0.030766
-0.0188751
0.0513401
0.0460145
-0.0193466
-0.0299361
-0.0324741
-0.0291304
0.0213175
0.0723944
0.0398707
-0.00666197
0.0497515
0.0375063
0.0470634
0.0728099
0.00597747
0.00111467
0.0351079
-0.0138604
-0.0310446
0.0200588
0.0472076
0.101049
0.184397
0.162472
0.0586288
0.0222828
-0.0175687
-0.142869
-0.120175
-0.0555391
-0.0369571
0.0373986
0.0197594
-0.0232882
-0.104282
-0.107827
-0.00665961
0.0324726
0.0619847
0.151607
0.180019
0.109549
0.0117039
0.0168179
-0.0249883
-0.107096
-0.114451
-0.0475739
0.0120105
0.0653363
-0.0138687
-0.0754494
-0.132885
-0.147582
-0.0197111
-0.054202
-0.00541853
0.00339147
-0.0208418
0.0360868
0.0545824
-0.0151918
0.00595023
-0.0261379
-0.025249
0.00921697
0.00341578
-0.024827
0.0252395
0.0301861
-0.0151807
-0.0256264
0.0131287
-0.0396141
0.0265865
0.0333366
0.00280219
0.0150877
0.0112961
-0.0462526
-0.00788018
-0.0067018
-0.0031321
0.0514169
0.0188877
-0.021544
0.00795358
0.0187631
-0.0247072
-0.0154625
0.0454695
-0.0262689
-0.0477108
0.00712304
0.00695601
0.00266725
-0.0168037
-0.020343
0.0361376
0.0805077
-0.00393057
-0.0428029
0.0532552
0.0140763
0.038142
0.0107207
-0.00908927
0.0642561
-0.00537819
-0.0440674
-0.0410173
0.00256915
0.019599
0.0429133
0.0054641
-0.0254531
0.0278821
0.0440229
-0.0221551
-0.0453336
0.00551589
0.0171743
0.0386514
0.0280006
-0.0207727
0.0619614
-0.0602021
-0.0666993
-0.0708436
0.00216349
0.0473399
0.104044
0.11763
0.0341735
-0.0139164
0.0453591
0.0247764
-0.0114785
0.0182626
0.0413236
0.155989
0.204738
0.18971
0.110795
-0.0625653
-0.082381
-0.083812
-0.0530338
-0.0145671
0.0283795
0.032401
-0.029418
-0.0158506
0.0108039
-0.0187935
-0.0469611
-0.0312291
-0.00498903
0.0528061
0.0800475
0.0801146
0.0550203
0.101269
0.115702
0.0112197
-0.0327392
-0.047617
0.00195514
0.0564647
0.131464
0.105687
0.0624455
0.139785
0.0935909
-0.0160189
-0.0259074
0.0605527
0.104916
0.0952885
0.0113241
0.0196276
0.0382523
-0.0428968
-0.0721155
-0.0419153
-0.026842
-0.00485129
0.0246847
0.0270545
0.0107228
0.0588903
-0.00348693
-0.0587698
-0.0453274
0.015372
0.0447484
0.0241669
-0.00783557
-0.0504594
0.0577808
0.0534561
0.0297843
-0.000839539
0.142478
0.230864
0.156609
-0.0747271
-0.145211
-0.0760524
-0.0477709
-0.0715104
-0.11274
-0.00895507
0.0914794
0.0670107
-0.0788923
-0.0703543
0.0161312
-0.0253107
-0.033927
0.0122662
0.119209
0.207595
0.153835
-0.0165039
-0.110749
-0.086176
-0.096564
-0.0892731
-0.0889539
-0.00752182
0.129891
0.136131
0.0154148
-0.0737032
0.000665571
-0.0063512
-0.0175945
-0.103918
-0.0452072
0.0254062
0.0807223
-0.00506259
-0.0246386
0.00745596
-0.0444929
-0.0604877
-0.120044
-0.097269
-0.0717604
-0.0326486
-0.0177322
0.00220622
0.0260417
-0.00195044
-0.0083894
-0.0368198
-0.010735
0.0894497
0.204275
0.109461
0.0158171
0.0273141
0.00473792
-0.0115279
-0.0499259
-0.0444479
-0.040043
0.090528
0.0718192
-0.0168943
0.0194673
-0.0465141
-0.0637398
-0.0976241
-0.0706637
-0.0467767
0.0106385
0.00640126
-0.0281727
0.0143155
-0.0231666
-0.0581125
-0.0770094
-0.103967
-0.0717364
-0.0156671
0.00389911
0.0652496
0.0643472
0.00713477
-0.0112222
-0.058001
-0.0445376
-0.00402877
0.104733
0.0838465
0.0411367
0.0413263
0.0212962
-0.0269909
-0.03223
-0.0703782
-0.0199041
0.0972221
0.0934431
-0.0447979
0.000841816
0.0056123
0.00539906
-0.0567521
-0.056031
-0.0537853
-0.00375002
-0.00723262
-0.0560556
-0.0161851
-0.0311497
-0.00517474
-0.0380634
-0.065922
-0.0527471
-0.00293284
-0.0303464
0.0621098
0.0400219
0.023685
0.00369633
-0.0351341
-0.0310339
0.00242245
0.13856
0.0915696
0.0261162
0.0315126
0.0205047
-0.00874767
-0.0221722
-0.0433902
-0.000605848
0.114103
0.0875985
-0.0560827
-0.0175974
-0.0252753
0.0325455
-0.0216721
-0.0467545
-0.0344365
0.000339372
-0.0399382
-0.0328659
-0.00834651
-0.026146
-0.0095692
-0.0307326
-0.0678215
-0.0461431
-0.0202279
-0.0505392
0.0669814
0.0589735
0.00892481
0.0222911
-0.0196423
-0.0433975
-0.000322379
0.0877145
0.0947159
0.0988333
0.0771794
0.0240604
0.0378948
0.012086
-0.0412869
-0.00920594
0.0823814
0.0890324
0.00596009
0.00813212
-0.0305398
-0.0356476
-0.0819578
-0.0961093
-0.0771736
-0.00913868
-0.0246306
0.0208213
0.00642379
-0.0698982
-0.0468725
-0.0452172
-0.0802158
-0.0820631
-0.00967725
0.00751601
0.081306
0.063439
0.0186007
0.038379
0.00549489
-0.0432153
-0.0442255
0.0491383
0.0813937
0.0462665
0.0446303
-0.0256404
0.0134559
0.00489497
-0.0473525
-0.0608898
0.00770471
0.0611476
0.019048
0.0390046
-0.0489001
-0.0515392
-0.0482546
-0.0569405
-0.0547824
0.0237599
0.0485942
0.0395875
0.00822943
-0.0799068
-0.086652
-0.0799748
-0.0837241
-0.0166281
0.0689624
0.0791048
0.0368225
0.0180877
-0.0290524
-0.0194669
-0.0163986
-0.0335046
-0.0372996
0.0162948
0.0525595
0.0311874
-0.0228007
-0.0650368
-0.0650675
-0.0161155
-0.0440066
-0.0394977
0.0174584
0.0371539
0.0076455
0.0174728
-0.0445806
-0.0678587
-0.0779778
-0.0754526
-0.0152657
0.0969274
0.0481436
0.0505897
0.0388338
-0.0290722
-0.0461468
-0.041864
-0.0411556
-0.0353966
0.0695824
0.0613699
0.00034344
0.00735464
-0.0542129
-0.0225594
-0.017085
-0.0529313
-0.0290101
0.0150338
0.00102427
0.0069228
-0.00174081
-0.0474668
-0.0281281
0.016118
-0.0143483
-0.0415138
0.00748968
-0.00102326
0.0406448
0.0327745
-0.071565
-0.0725106
-0.0766602
-0.061765
-0.0290734
0.050001
0.0638724
0.121296
0.0555887
-0.0768213
-0.0627092
-0.0437648
-0.0217057
0.0408367
0.106303
0.108509
-0.0272101
-0.0361678
-0.0805924
-0.063558
-0.051225
-0.0402433
-0.0212236
0.0107087
-0.0238051
0.0178061
-0.00515324
-0.067632
-0.0442128
-0.0339489
-0.0278241
0.0235405
0.0335267
0.0384339
0.0727261
0.0616214
0.000397078
-0.018259
-0.00751405
0.030285
0.0853107
0.11593
0.0910801
0.00476245
0.0728633
0.0566398
0.0484328
0.0635377
0.0198228
0.047799
0.0580396
0.0293125
-0.0166668
0.00846138
-0.0311297
-0.0141702
-0.0208545
-0.0105617
0.0364721
0.0438051
0.00811709
-0.0876051
-0.00537179
-0.00526014
-0.0105619
-0.00414176
-0.0457857
-0.015361
-0.0192795
-0.063716
0.0274522
0.0804661
0.0977964
0.152938
0.156118
0.0841615
0.0367567
0.0524805
0.00670964
-0.0559409
-0.0616003
-0.0294361
0.0299049
0.0445067
-0.0341239
-0.0635067
-0.0808487
-0.0934807
-0.0217667
0.025676
0.048646
0.100469
0.0917803
0.047097
0.00602556
-0.0090899
-0.0323898
-0.0866954
-0.0672226
-0.0378129
0.00833232
0.00730804
-0.0305612
-0.0705813
-0.0879698
-0.087847
0.021406
-0.0168182
0.0046754
0.0338213
-0.0081699
0.0147881
-0.0198142
-0.0292809
-0.00377306
-0.0168814
0.0115812
0.044438
0.045348
-0.0141023
0.0245558
0.011571
-0.0310696
-0.0117285
0.00336823
-0.00687769
-0.0178069
0.00792229
-0.0177603
0.0261783
-0.00106687
-0.00749593
0.0207571
-0.0474837
-0.0126183
-0.00366381
0.0170096
0.00100299
0.0374199
0.00831096
-0.0364622
-0.0410706
-0.00796103
-0.0522393
-0.0304249
0.00220908
0.0257954
0.0249453
-0.0230453
-0.052917
0.00650585
0.0135171
-0.0150664
-0.0173135
-0.0163543
-0.00108897
0.00889428
0.00105236
-0.0503222
0.0389479
0.0192761
-0.0518347
-0.0554537
0.0106099
0.081511
0.0707118
-0.0114868
-0.0145623
0.0420456
0.0728034
-0.00786734
0.013146
0.011051
0.0360437
0.0565636
0.00600422
-0.0085851
0.0758413
-0.0162516
-0.0536946
-0.0366988
-0.000566374
0.0163114
0.00770502
0.0187369
-0.0236462
0.0149847
0.00712647
-0.0344875
-0.0394494
0.00534901
0.0303426
0.0286825
0.0341088
0.0189939
0.0478321
0.0604316
-0.0247107
-0.0372171
-0.00841067
0.0246234
0.0165774
-0.00547583
-0.0148022
0.0566297
0.0190714
-0.0224654
-0.0133215
0.0197412
0.0395118
0.0235324
-0.00982923
-0.00270866
0.0383901
0.00611583
-0.000760054
-0.0115669
0.00119028
0.0167408
0.00937512
0.00216271
-0.0082781
0.00903634
0.00964323
0.048996
0.0382907
-0.000432157
0.0033389
0.0329574
0.0323336
0.0131399
0.00546762
-0.00488691
-0.019911
0.000330272
0.00537472
0.0279797
0.0343276
-0.0230997
-0.0226536
-0.0141082
-0.0101301
0.00715892
0.0224828
0.00341171
0.0121438
0.00623941
-0.00271996
0.000548307
-0.0101751
-0.0502738
0.0209006
0.0254421
0.00955491
0.0179881
0.0414651
0.0695281
0.074713
-0.026181
-0.0730509
-0.0369033
-0.0319187
-0.0245318
-0.036475
-0.0156417
0.0566864
0.120638
0.0205167
-0.0364747
0.00587196
0.00348352
0.00399919
0.0160719
-0.0141898
-0.0204895
-0.00254533
-0.0340496
-0.0549213
-0.0163265
-0.0198688
-0.0216345
-0.0233324
-0.0354059
-0.0479916
9.56919e-06
-0.0202366
-0.0224612
0.00955011
0.00118136
0.00571883
-0.0446866
-0.0333312
0.0290437
0.178514
0.094557
-0.0290596
-0.00890733
-0.0244302
-0.0289664
-0.0470499
-0.0398912
-0.0376454
0.123206
0.0646579
-0.0251447
-0.00966604
-0.0085831
-0.0188558
-0.0211728
-0.0301637
-0.00944449
0.0675438
0.0445915
-0.0363484
-0.0138567
-0.046179
-0.0391614
-0.0405861
-0.0861803
-0.0545609
0.0523714
0.0340365
-0.0224056
0.0147009
-0.000531233
0.00897521
-0.0287981
-0.0248918
-0.0111043
0.10643
0.0508706
-0.0201509
-0.00658882
-0.0129521
-0.0324972
-0.0137188
-0.024161
-0.020498
0.0542645
0.0172576
0.013923
0.0174462
-0.0391715
-0.00971957
-0.0125187
-0.0427833
-0.0326687
0.0597203
0.0263061
-0.0224759
-0.0012227
-0.0564094
-0.0468196
0.00573297
-0.0328214
-0.0312287
0.0047466
0.00965754
0.0085367
0.0240031
0.0127229
0.00565277
0.0118994
-0.00377689
0.00644408
0.107797
0.0382318
0.00634742
0.0142442
-0.00638112
-0.0235889
-0.0244597
-0.0150738
-0.00183175
0.0738776
0.051155
-0.00415924
0.0205978
-0.0240172
-0.0179124
0.0283522
-0.0119429
-0.0237044
0.000634383
0.00454716
-0.0132621
0.00667851
-0.0345739
-0.0283921
-0.0159564
-0.0403793
-0.0134477
-0.0146774
-0.0195315
0.0217043
0.0435405
0.00874787
0.0146369
-0.013633
-0.00912541
-0.0103659
0.0685803
0.075644
0.0344217
0.0300845
0.00613749
0.031891
0.025182
-0.0162545
-0.0226845
0.0561158
0.0371342
0.0211429
0.0436347
-0.0217461
-0.0152634
-0.0374086
-0.0228453
-0.0188726
-0.0100489
-0.00318849
0.00947551
0.0294074
-0.00741168
-0.0297647
-0.0142846
-0.0631019
-0.0527553
-0.00961734
-0.000830712
0.0190549
0.0147997
0.00434926
0.0504611
0.0670977
0.00733142
-0.0156056
0.0312469
-0.00451368
0.00271792
-0.00741544
-0.0357466
0.029727
0.0448218
0.0117682
-0.0128394
-0.00298864
0.00385586
0.00182062
0.0179475
-0.0358772
-0.012071
0.0228372
-0.0284776
-0.0265163
-0.0138621
-0.0225865
-0.0312268
-0.0334686
-0.064347
-0.0138534
0.0132607
-0.0126782
-0.0188674
-0.0145891
-0.0275494
-0.0181492
0.0060573
-0.0130645
0.0232318
0.0365346
0.0149511
-0.0137937
0.0362448
0.0217964
-0.0254335
-0.00794156
-0.0318819
0.000844865
0.0267944
0.00331766
-0.0117555
0.0491956
-0.013
-0.0528083
0.00454132
-0.0204279
-0.0049258
0.00212816
-0.00811297
-0.0199068
-0.0065054
-0.0232599
-0.0425756
-0.0104079
-0.0120202
-0.00279177
-0.0111688
-0.0108046
-0.0454536
-0.00163437
-0.0310574
-0.0358998
0.0154865
-0.0175593
0.0224517
0.0468234
0.0111502
0.00808466
0.021717
-0.0116347
-0.0132235
-0.000983787
-0.0082469
0.0231102
0.0653422
0.0356136
-0.0189309
0.00662218
-0.0289428
-0.0640825
0.00693354
-0.0136816
0.0277038
0.0249331
0.0039898
-0.0153806
-0.00180651
-0.0637695
-0.0501544
-0.0155973
-0.0267622
0.000406313
0.027665
0.0314449
-0.027573
-0.0252444
-0.0641264
-0.00328162
0.00517573
-0.031658
0.00853393
0.0232519
0.0188122
0.00193123
0.0274281
0.00552071
0.00907685
0.0326543
0.00492935
0.0188558
0.0106195
0.00239305
0.0512496
0.0388448
0.0264378
-0.0414891
-0.0302199
-0.0538381
-0.024216
0.0140312
0.0196604
-0.00704702
-0.00818103
-0.0316454
-0.0423718
-0.0407039
-0.0524026
-0.0401802
-0.0333294
-0.0173938
0.0122267
0.00875088
-0.00667623
0.0206845
0.0603245
0.0535698
0.069225
0.0500441
0.0418867
0.0602181
0.0593332
0.0164996
-0.0252614
0.0577386
0.0666476
0.0568789
0.0138125
0.0139244
0.0195949
0.0142413
-0.0190767
-0.039103
0.0161229
0.00484224
-0.00191266
-0.0281341
-0.0135029
-0.00447681
0.00328145
-0.0369385
-0.0655041
-0.0248587
0.00622936
-0.0218925
-0.0420367
-0.036648
-0.0409592
-0.0365432
-0.0572451
0.0111403
0.0476653
0.0838934
0.0796205
0.0685399
0.046663
0.0201277
0.00184187
-0.00326761
-0.00896383
-0.0240264
0.000402896
0.0188743
0.0121295
-0.00797308
-0.039531
-0.0561392
-0.0431929
0.00316283
-0.0080031
0.0235291
0.000295066
-0.000912995
0.00055896
-0.00040788
-0.0311208
-0.00416857
0.00655183
-0.0586024
-0.0501336
-0.0402774
-0.0384383
-0.0156311
-0.035098
-0.0653918
-0.0347375
0.0525256
-0.00536066
-0.00188372
-0.0232243
-0.0226598
0.00554137
-0.000357799
-0.0207597
0.0254716
-0.0334013
-0.0243293
-0.0137265
-0.0245797
-0.0172695
0.0306588
-0.012989
-0.045608
-0.0402418
0.0633377
-0.0233052
-0.0378024
-0.013973
-0.0371383
0.0441336
0.00378357
-0.0431321
0.0279752
0.00430111
-0.00544627
-0.00783485
-0.0102647
-0.0282889
0.0416604
-0.0145869
-0.0368658
-0.0121664
-0.00201294
-0.0599087
-0.0656333
0.00626409
0.0594577
0.0635471
-0.021726
-0.0395845
0.00893557
0.0439737
-0.0262509
-0.0226302
0.0204889
0.0338549
0.0600767
-0.00330771
-0.0188604
0.0570448
0.05001
-0.0244918
-0.0401439
0.0295466
-0.00657353
0.0679361
-0.022517
-0.0369487
0.0277487
0.0944831
-0.0261183
-0.0343611
0.02919
-0.0389172
0.0421041
0.015457
-0.00716619
0.0897355
0.0199452
-0.00649708
-0.00130621
0.00618251
0.0248805
0.0184246
0.00703277
-0.0316981
0.0202806
0.0280341
-0.00412832
-0.00550224
0.0140515
0.0480673
0.0477977
0.00874847
-0.00867266
0.0164576
0.063589
-0.00470158
-0.00547476
0.029
-0.0318925
0.0268818
0.0309618
-0.0155997
0.0207558
0.0306822
0.0327752
0.0213972
0.029057
-0.0278501
0.07747
0.0280138
-0.00609881
0.00865343
-0.0193983
0.0228715
0.00509993
0.0110598
0.0267122
0.0154266
0.00417383
-0.00939129
-0.0402448
-0.00820791
0.0129459
-0.00494
-0.0121183
0.0291645
0.0115093
-0.00142015
-0.001234
-0.0250315
0.0080525
0.0517853
0.0420065
0.0476037
-0.0540725
0.0371849
0.0209274
0.00631704
0.00356644
0.055836
0.0531741
0.0532922
0.0478588
-0.0724203
-0.00294837
-0.0111903
0.0200233
0.023976
-0.00496824
0.0296215
0.0177988
0.00537801
0.0344237
0.0155976
0.0130136
0.0182168
-0.00212422
-0.0202238
0.0222783
0.0187965
-0.0111172
0.00649818
-0.0119482
-0.0307595
-0.0450731
-0.0334796
0.0327972
0.0171118
0.0238224
0.0406726
-0.0494773
0.0267864
-0.000373543
0.0246575
0.0196148
-0.0140493
0.000253437
-0.0376116
0.0124539
-0.0466444
-0.00922538
-0.0457108
-0.0249593
-0.0375435
0.0077384
0.0479997
0.0296491
0.0119319
0.0525627
0.00793506
-0.00255297
0.011592
-0.00292518
-0.00109107
-0.000531831
-0.0133108
0.00205192
0.0338696
-0.0200728
-0.0366459
-0.0146818
0.00412815
-0.0174678
0.0182494
0.000638089
0.0183144
-0.0291947
0.0119834
-0.0240478
-0.00342955
-0.0192495
-0.00569571
-0.0104168
-0.00745111
0.0198548
-0.0606403
-0.0104229
-0.0737949
-0.0402636
-0.015554
-0.000629905
0.02018
-0.0202726
0.0125965
0.046079
0.00583965
-0.0342433
0.0118267
0.00341577
0.00192689
0.00581587
-0.0325044
-0.0122326
0.0513679
0.0194729
-0.0208218
0.00283837
0.00447912
-0.0177366
0.0183766
0.00649135
0.033097
-0.0392707
0.029395
-0.0374778
-0.0348284
-0.0327681
-0.0344732
-0.0039887
-0.0146387
0.000167461
-0.029955
0.0307909
-0.0403096
-0.0415719
-0.0346489
0.00509089
0.0410882
0.0057764
0.0210368
0.0836906
0.0495726
-0.00778609
0.00323463
-0.00343993
-0.010926
0.00481139
-0.0324046
0.0139897
0.0193814
-0.000465212
-0.0288104
-0.0179656
-0.0202208
-0.00981059
0.0212308
0.00235052
0.0143925
-0.0146963
0.0699437
-0.00900356
-0.0149633
-0.0172684
-0.0267671
-0.0113962
-0.0493031
-0.00212088
-0.0539935
0.0351454
-0.0541411
-0.036304
-0.0342982
0.0295448
0.044962
-0.00944842
0.0270658
0.00930983
0.000462227
-0.0134931
-4.59249e-05
0.00939337
0.0255413
0.0394674
0.00349534
0.00460532
0.0145505
-0.0349194
-0.0478391
-0.00621992
-0.0015706
-0.00808831
0.00305879
-0.0391408
0.0272337
-0.0375944
0.0267594
-0.0408897
-0.0101187
-0.0124317
-0.0157703
-0.00682794
-0.0297899
0.0248172
-0.039558
-0.00674632
-0.0434937
-0.012531
-0.0308609
-0.0038891
0.0353355
0.0125858
-0.000512661
0.0315568
-0.0103655
-0.0168665
0.00555109
-0.00659611
-0.0242723
0.0028178
-0.020421
-0.012579
0.0346674
0.00787595
-0.00712743
-0.013873
-0.0325648
-0.0404623
0.00122112
-0.0145887
0.00729069
-0.0153465
0.0434026
-0.0053376
-0.016751
-0.0542957
-0.0170283
-0.0132666
-0.0169745
0.00075482
-0.0377665
0.0392368
-0.0128118
-0.0130558
-0.042313
0.00105612
0.0298529
-0.00460074
-0.0113051
0.000806804
0.0248079
-0.00465834
-0.00806354
0.00512887
-0.000644121
0.0249746
-0.0112429
0.000249894
0.0105381
0.0168962
-0.0405026
-0.000745062
-0.0113444
0.00271163
-0.0017121
-0.0248664
-0.000944108
-0.0728056
0.027847
-0.0241324
-0.00941236
-0.027994
-0.0218658
-0.0161922
-0.0449407
0.00288784
-0.0658808
0.0116926
-0.0554707
-0.0246189
-0.0323637
-0.0330482
0.0272593
0.00288981
0.0191268
0.0262826
0.0504547
-0.00613358
-0.00969198
-0.0596664
-0.0428749
0.0146067
-0.0115188
-0.000706139
0.0451019
0.0381954
-0.00408229
-0.00945126
-0.0461256
-0.0267268
-0.0162569
-0.0206413
0.0151557
-0.0351099
0.0481766
-0.0192236
-0.0112002
-0.0444796
-0.00948273
1.25292e-05
-0.00752944
0.0141745
-0.061482
-0.00252952
-0.0209266
-0.0346289
-0.00339658
-0.00813547
0.011931
-0.0111944
0.0059036
0.0512811
0.026078
0.00565868
0.00118485
-0.0220918
-0.0140727
-0.0112391
-0.0159772
-0.0182592
-0.00646628
0.0170612
0.0305274
-0.00901102
-0.0294731
0.00517121
0.0304435
-0.00292615
0.0174761
-0.0507539
-0.000916507
-0.0150136
-0.0329011
-0.0170652
-0.0204847
-0.00265754
-0.00936552
-0.0174003
-0.0929848
-0.0223756
-0.0132595
-0.0174668
-0.0451515
-0.0145675
0.0344296
0.0355392
0.0391798
0.0223647
0.0226285
0.0287723
0.011819
-0.00838531
-0.015552
-0.00148867
0.0376302
-0.0083329
-0.00614111
0.00855024
0.00260469
0.000429729
0.00273361
-0.0421867
0.0108578
0.0117737
0.0166447
-0.0530525
0.0188055
0.021975
0.015939
-0.0434654
-0.0384834
-0.00136568
0.00178277
-0.0381539
-0.0478767
0.000249913
-0.0256638
-0.0116265
-0.0423003
0.0144692
0.00190062
0.00802265
-0.0104664
0.0124622
0.0293253
0.0347585
0.00985321
0.00322491
-0.00765591
-0.0455962
-0.0587571
-0.0181501
-0.00725593
0.021391
0.0251629
-0.0300532
-0.0321167
-0.00275481
0.0189329
0.00683999
-0.0137042
-0.0243944
0.0344235
0.0283523
0.0151323
0.004262
-0.0150511
-0.0489781
-0.0497933
-0.00500461
-0.0578884
0.0162292
0.0251716
-0.0104026
-0.0150675
0.00439719
-0.0543592
-0.0425319
-0.00157768
-0.0393454
0.0254858
0.00791092
-0.0406339
0.00722701
-0.0171806
-0.00813203
0.00561735
0.000579254
-0.0331362
0.0198242
-0.0242575
-0.0377329
-0.00554852
0.0372499
-0.0504313
-0.0433959
-0.0138804
-0.0808261
0.0316137
0.0173903
0.0129469
0.0451291
0.0367498
-0.00954235
-0.00143121
-0.0222652
-0.0947573
0.0304316
0.0021068
-0.0129064
0.0317614
-1.52191
